;title_bass
145 145 145 145 195 195 186 0   0   186 186 186 195 195 174 0
145 145 145 145 195 195 186 0   0   186 186 186 195 195 145 0
224 228 0 228 0 228 224 228 0   228 0   228 224 228 0 228
224 228 0 228 0 228 224 228 0   228 0   228 219 219 0 219
;title_alto
219 219 219 219 214 214 209 0   0   209 209 209 214 214 228 0
219 219 219 219 214 214 209 0   0   209 209 209 214 214 219 0
224 228 0 228 0 228 224 228 0   228 0   228 231 232 0   232
224 228 0 228 0 228 224 228 0   228 0   228 214 219 214 219
;title_soprano
228 231 232 235 231 224 228 0   224 220 224 228 224 220 219 0
228 231 232 235 231 224 228 0   224 220 224 228 231 224 228 0
;title_duration
10  10  10  10  20  10  50  20  20  20  10  10  20  10  50  40
10  10  10  10  20  10  50  20  20  20  10  10  20  10  50  40
10  10  10  10  10  10  10  10  10  10  10  10  10  10  10  10
10  10  10  10  10  10  10  10  10  10  10  10  10  10  10  10
0